S <- c("S1", "S2", "S3", "S4", "S5")
M <- c(60, 50, 83, 75, 33)
Sc <- c(50, 50, 75, 83, 33)
E <- c(83, 80, 75, 75, 40)

S_data <- data.frame(S, M, Sc, E)

S_data
